3437
4468
1644
4800
92
90
4186
3769
3864
1880
1723
1412
306
1575
4517
538
3303
3172
4313
2901
1451
4664
70
595
1367
2898
28
3656
4583
4973
2689
2630
3064
2408
2269
402
146
4172
4231
232
1361
466
1330
775
4126
3651
4821
4068
4753
3420
2412
1571
4697
2913
605
2491
3658
3592
223
3723
3802
2002
729
1121
4111
3554
4133
197
166
247
3172
2904
2397
1505
4131
4781
882
4549
4449
390
2441
2227
2616
3348
3060
1341
4259
1956
1015
4929
676
1308
251
348
3211
4907
3108
1145
3411
1205
592
1096
359
4173
1934
1642
231
4027
1135
3646
295
2029
2295
2033
4074
1825
4859
481
310
1404
3135
4755
2444
1076
2720
4992
1607
4175
4436
3198
2648
1446
2532
3490
1373
2010
1543
3929
527
487
3498
2391
2515
1238
3916
2256
1348
2921
380
880
2976
1266
4458
801
2723
1063
1146
3363
1831
2015
713
4729
2975
993
4257
3242
1295
3288
2117
4832
4072
1570
961
140
3087
2298
2887
3314
1100
4212
2700
1910
2423
4116
1159
1325
1767
2749
1741
2829
2901
4070
2741
2971
1957
139
1324
2773
4300
3996
2118
3958
4103
838
768
106
1258
3137
2904
3665
3204
4616
121
317
1164
2914
1768
2193
3415
4378
1059
4842
4132
2321
3532
902
3625
1619
4174
2914
1111
4809
1144
391
1593
1187
205
85
3963
881
3304
3515
480
2203
4607
1048
2627
753
4921
1670
2006
4137
1581
4767
2944
693
4746
4281
2025
3243
1302
2796
1500
4548
206
2055
4921
1815
303
260
2488
4838
3951
905
1404
2255
3158
1975
4095
4058
1369
970
375
1466
1691
3615
4084
3775
2311
2083
4918
824
4260
4097
252
327
500
4803
3360
2429
4632
2984
1781
4369
1036
4566
3049
2206
1176
2443
1507
2522
4766
2661
3121
3715
1178
2025
2594
2303
1214
347
4676
1581
2618
1718
4199
768
1943
410
3208
167
4397
1793
2159
642
2822
497
170
2150
2950
1480
3024
987
1692
2072
3783
458
2360
1029
2551
4369
423
4474
1906
3122
149
2489
3319
107
4629
4246
899
4799
2337
167
1593
4900
885
2535
1820
3077
4149
2893
2558
1595
3112
3510
3172
2452
2217
4985
1070
456
1482
2807
3755
3931
3139
1083
3788
3338
1837
4097
1294
3775
4855
4495
270
4132
507
1497
3925
2235
1766
4025
523
3819
4785
1916
41
3012
1090
1812
4104
2631
2307
2778
3332
4005
4191
247
1587
746
3291
777
2217
3742
1531
4869
3252
1401
2511
2196
768
3503
315
3686
3578
665
2235
964
1048
1261
2032
243
2464
4061
976
4326
740
838
626
4300
2782
2059
3488
1697
3610
3656
4180
80
4055
3870
3854
3209
4312
2256
4170
163
2673
4266
3491
89
3550
2233
2016
2660
185
1328
3978
3922
2478
1470
3815
153
4252
4960
1302
3531
4461
1423
1129
2176
970
635
1850
2388
1086
2285
2806
890
2602
3322
4542
1778
692
4383
4634
2095
886
3187
2381
4903
2685
4511
4637
4698
4410
4220
3422
4796
704
2660
4435
1770
2702
925
3628
2386
314
272
4303
2484
3783
3825
910
4171
534
765
2943
2931
3884
2134
3909
1670
1774
3044
2645
1738
3100
3285
1845
4353
1799
677
9
4709
1592
344
2730
4371
2397
1744
623
3652
2215
329
2970
1430
282
66
249
2668
4488
1715
4814
145
2886
3288
740
1818
2132
4778
3259
271
3919
416
4203
2579
1497
4153
1606
2794
2025
3482
4859
180
411
170
2255
3795
3284
3997
1912
2094
2056
593
1411
3761
2667
4098
2897
2342
154
3199
1964
292
2173
3788
3108
101
1737
4884
2427
1888
268
1588
3503
4899
1973
518
863
1916
552
896
435
2787
1915
748
2117
2062
1633
4532
1400
899
3340
4989
3905
493
1277
4452
2693
515
2055
420
657
4008
649
4090
3705
2715
3391
3927
1318
1605
3835
2857
4243
1846
4879
993
2439
3732
3483
57
2300
751
4152
4099
2975
724
2918
1683
3028
4250
3097
3468
1460
4459
4104
3147
1503
2983
1831
3365
3594
1310
3256
1355
4274
192
3483
437
958
390
378
4617
1457
646
2851
3669
1717
2970
1565
3067
4317
3967
986
1912
4236
3334
1517
1963
4419
774
4939
4176
1972
4490
2217
1094
2185
229
1403
3623
3508
3802
1247
2972
2629
2264
3730
3222
508
3947
394
1800
933
715
4273
1351
1093
2478
4740
4983
376
2712
4113
3535
2283
958
3617
1436
4684
1561
1301
3177
1273
1249
4466
4901
3967
3390
1510
2797
1592
4847
1559
4895
3005
3395
1460
2295
4097
4400
959
4698
323
476
3837
2343
3830
1450
3081
2134
1250
4620
112
4470
1674
4251
316
4409
2532
2284
3370
3323
947
2515
4902
4117
2184
2524
1802
3291
2056
4337
4834
4231
1860
1300
4509
399
3558
2491
3528
614
1485
4968
2778
2752
3012
590
427
4836
4163
3942
3750
41
2224
3775
4321
4083
2342
1531
4781
643
4675
1962
468
819
4713
2629
2394
3584
772
4289
1081
3243
2554
521
1809
1755
1554
2438
818
3183
1291
1001
811
2019
3550
429
2475
4343
1664
2515
1833
3894
3063
4483
373
4828
473
367
3954
1190
579
2085
1856
4292
2044
2073
2174
1157
2504
1056
3059
2223
4606
721
3975
2343
4529
1536
848
1518
4930
687
3304
1778
3817
4628
3002
1723
4242
3634
2076
1494
2581
782
2117
6
4117
1560
1961
2459
4523
2217
2047
199
3646
1858
2338
1108
898
1837
998
3159
1541
2210
915
1909
1605
3110
1420
2285
1625
1679
2656
89
1353
695
1195
863
3733
2869
1364
4543
2443
3427
4500
3367
1653
1884
4898
2168
2992
3544
2438
1548
3902
3721
3485
860
1654
2332
3844
9
2336
1766
2718
629
4010
489
4030
2943
1570
726
4089
3087
741
3805
988
4940
4122
2616
474
1662
